100099
102944
104639
104720
104928
10505
105695
105899
105915
108603
108691
109191
109312
110138
11143
111612
111614
113397
11346
113595
114384
117506
118997
119376
120775
121195
121217
121650
121761
121815
121917
122960
1232
123813
124387
125380
12560
125899
125973
126516
127774
127824
128442
128475
128530
129090
129449
131061
131448
131712
133027
133202
133692
135120
135505
13622
136879
136950
137761
138624
138661
138684
139700
139850
140053
140280
140390
14045
140688
140894
142628
143323
143400
144341
146501
146913
147222
147235
147296
148030
148557
148652
148766
149438
149645
150740
153159
154263
154972
155575
156059
156292
1578
157987
158455
158610
159131
159415
160762
16125
162311
163361
163583
163745
16378
165517
165687
166709
167130
167186
167637
167690
168923
169954
170730
17090
171604
172523
173149
173449
173825
174492
17510
175194
17655
178647
179383
179858
180025
180465
18169
183621
183972
186646
188269
188348
18886
189187
189247
189468
190060
190838
191723
191801
192931
193811
1940
194576
196319
197001
198668
2001 QS209
2002 TM61
2003 UD337
2005 LB54
200799
2013 WF45
201342
2015 BB627
2015 BO641
2016 AG401
2016 GC22
2018 UL44
2021 PO223
2022 SE98
2025 CQ8
2025 JK6
2025 KB33
2025 KB47
2025 KF32
2025 KG32
2025 KH32
2025 KJ32
2025 KJ47
2025 KL32
2025 KM32
2025 KO32
2025 KO46
2025 KP32
2025 KR32
2025 KS32
2025 KT32
2025 KT46
2025 KX32
2025 KY32
2025 KZ32
2025 ND202
2025 NJ202
2025 NU360
2025 YC23
2026 BV14
2026 DA30
2026 DA32
2026 DB30
2026 DD30
2026 DG29
2026 DH30
2026 DJ31
2026 DK29
2026 DK34
2026 DK40
2026 DL29
2026 DL30
2026 DL37
2026 DM39
2026 DN30
2026 DO29
2026 DO31
2026 DQ29
2026 DR33
2026 DR64
2026 DS30
2026 DU31
2026 DX29
2026 DX34
2026 DY30
2026 DZ29
2026 DZ64
2026 EV21
204226
205312
20558
206451
207064
208272
20892
209822
210752
211177
211266
211886
213340
213594
214383
215355
215532
217668
217929
21805
219686
222759
226174
22755
230171
231698
234040
235099
236097
241890
241902
243627
244583
247101
247172
247907
248061
249815
250071
250480
250525
251962
252228
252545
253180
254178
25742
257665
257871
258236
258238
258602
259934
26357
264597
267066
269679
269790
275512
280169
280204
283620
285169
285437
285619
285985
286135
286483
286793
289130
289248
289386
297831
297843
298287
299023
299254
299266
30077
30134
3021
302369
30502
306442
306532
306970
307602
307682
308159
310411
310739
316791
317014
317018
317024
318025
32041
322795
322992
323121
323124
323485
32361
32533
32635
326480
327023
327087
334226
334305
334501
337574
338054
338306
338365
34239
34361
345100
350721
351333
35316
3573
35929
360474
36115
36357
363790
366394
366605
366610
36734
36992
373473
374049
3774
37747
380359
382428
38424
387817
39674
4005
402027
402054
40211
40425
405057
40734
415837
41678
42773
427836
433959
433989
434444
440125
440251
44090
44275
444057
444087
444142
447026
447153
44723
455368
45604
45641
45688
46301
46715
469424
47214
47275
48442
48652
48794
50655
5172
52234
523912
524897
52495
53368
54283
54474
567571
567769
568105
568312
568689
57503
57912
6025
608928
609055
60934
61197
61318
61487
61652
617039
618498
618589
618678
619165
62352
624155
62591
6279
629547
63482
63832
64021
64027
641015
641318
641373
641783
64810
66274
680211
681085
68454
68648
68698
69380
70316
70881
71184
71801
721345
74151
75710
78314
80292
81232
81302
81688
81936
82012
82702
827214
827844
828464
828734
83184
83565
83657
8412
84397
847443
86146
87215
87656
88009
90112
90834
91264
91488
91507
91747
91757
91975
92084
92122
92556
92996
93671
94129
94306
95349
95975
9774
98554
9932
99414
