permid,provid,trkid,mag,rmsmag,band,ra,dec,obs_time,mjd
159131,2004 WF2,000000IZWzZ1,20.836,0.1301,Ly,149.2565166,3.7960906,2025-05-20 01:14:36.871000+00:00,60815.051815636456
159131,2004 WF2,000000IZWzZ1,21.247,0.1793,Ly,149.2566322,3.7960291,2025-05-20 01:15:28.201000+00:00,60815.052409733646
159131,2004 WF2,000000IZWzZ1,21.06,0.151,Ly,149.2572807,3.7960576,2025-05-20 01:20:31.107000+00:00,60815.055915590376
159131,2004 WF2,000000IZWzZ1,21.044,0.1512,Ly,149.2573732,3.7959933,2025-05-20 01:21:11.757000+00:00,60815.05638607638
159131,2004 WF2,000000IZWzZ1,20.838,0.1305,Ly,149.2573909,3.7959933,2025-05-20 01:21:52.987000+00:00,60815.05686327536
159131,2004 WF2,000000IZWzZ1,20.73,0.1117,Ly,149.2576865,3.7959274,2025-05-20 01:24:02.815000+00:00,60815.058365914505
159131,2004 WF2,000000IZWzZ1,20.824,0.1283,Ly,149.2577738,3.7959932,2025-05-20 01:24:43.764000+00:00,60815.0588398613
159131,2004 WF2,000000IZWzZ1,21.05,0.181,Ly,149.2578894,3.7960639,2025-05-20 01:26:08.785000+00:00,60815.05982390046
159131,2004 WF2,000000IZWzZ1,20.747,0.1332,Ly,149.2580462,3.7959448,2025-05-20 01:26:57.769000+00:00,60815.06039084494
159131,2004 WF2,000000IZWzZ1,20.917,0.2007,Ly,149.258102,3.7958739,2025-05-20 01:27:38.823000+00:00,60815.060866007116
159131,2004 WF2,000000IZWzZ1,20.647,0.1125,Ly,149.2581878,3.7959309,2025-05-20 01:28:24.590000+00:00,60815.061395717785
159131,2004 WF2,000000IZWzZ1,20.651,0.1079,Ly,149.2583705,3.7958836,2025-05-20 01:29:49.488000+00:00,60815.062378333416
159131,2004 WF2,000000IZWzZ1,20.503,0.1116,Ly,149.2585006,3.7958899,2025-05-20 01:31:16.727000+00:00,60815.063388044015
159131,2004 WF2,000000IZWzZ1,21.323,0.1974,Ly,149.2591909,3.7958092,2025-05-20 01:36:31.109000+00:00,60815.06702672457
159131,2004 WF2,000000IZWzZ1,20.853,0.1221,Ly,149.2593094,3.7957664,2025-05-20 01:37:13.943000+00:00,60815.067522488534
159131,2004 WF2,000000IZWzZ1,20.761,0.1335,Ly,149.2595381,3.7957408,2025-05-20 01:39:18.969000+00:00,60815.06896954868
159131,2004 WF2,000000IZWzZ1,20.781,0.13,Ly,149.2599354,3.7957048,2025-05-20 01:42:17.720000+00:00,60815.0710384259
159131,2004 WF2,000000IZWzZ1,20.669,0.1221,Ly,149.2599843,3.7957196,2025-05-20 01:42:58.755000+00:00,60815.07151336828
159131,2004 WF2,000000IZWzZ1,20.768,0.1565,Ly,149.2601111,3.7957141,2025-05-20 01:43:41.491000+00:00,60815.07200799789
159131,2004 WF2,000000IZWzZ1,20.814,0.1407,Ly,149.2602135,3.7957191,2025-05-20 01:45:05.744000+00:00,60815.07298314804
159131,2004 WF2,000000IZWzZ1,20.737,0.1622,Ly,149.2603494,3.7956997,2025-05-20 01:45:46.879000+00:00,60815.07345924759
159131,2004 WF2,000000IZWzZ1,20.688,0.1475,Ly,149.2606685,3.7956441,2025-05-20 01:48:37.508000+00:00,60815.07543412037
159131,2004 WF2,000000IZWzZ1,20.892,0.1642,Ly,149.2608343,3.7956579,2025-05-20 01:50:05.826000+00:00,60815.07645631954
159131,2004 WF2,000000IZWzZ1,20.625,0.1358,Ly,149.2610825,3.7956623,2025-05-20 01:51:30.014000+00:00,60815.07743071765
159131,2004 WF2,000000IZWzZ1,20.941,0.1545,Ly,149.2617365,3.7955115,2025-05-20 01:56:44.909000+00:00,60815.08107533585
159131,2004 WF2,000000IZWzZ2,21.644,0.0363,Lg,149.4282532,3.7790072,2025-05-20 23:55:18.762000+00:00,60815.996744930744
159131,2004 WF2,000000IZWzZ2,21.686,0.0444,Lg,149.4284053,3.7790037,2025-05-20 23:56:09.639000+00:00,60815.99733378459
159131,2004 WF2,000000IZWzZ2,21.679,0.0354,Lg,149.4284849,3.7789794,2025-05-20 23:57:15.858000+00:00,60815.99810020812
159131,2004 WF2,000000IZWzZ2,21.654,0.0279,Lg,149.4286704,3.7789611,2025-05-20 23:58:43.039000+00:00,60815.9991092477
159131,2004 WF2,000000IZWzZ2,21.662,0.0281,Lg,149.4289301,3.7789476,2025-05-21 00:00:35.154000+00:00,60816.00040687481
159131,2004 WF2,000000IZWzZ2,21.676,0.0292,Lg,149.4290265,3.7789207,2025-05-21 00:01:35.967000+00:00,60816.001110729296
159131,2004 WF2,000000IZWzZ2,21.678,0.0233,Lg,149.4293383,3.7788991,2025-05-21 00:04:04.332000+00:00,60816.00282791676
159131,2004 WF2,000000IZWzZ2,21.786,0.0267,Lg,149.4296058,3.778865,2025-05-21 00:06:13.197000+00:00,60816.00431940984
159131,2004 WF2,000000IZWzZ2,21.68,0.0263,Lg,149.4296937,3.7788502,2025-05-21 00:06:54.505000+00:00,60816.004797511734
159131,2004 WF2,000000IZWzZ2,21.697,0.0258,Lg,149.4298469,3.7788429,2025-05-21 00:08:10.606000+00:00,60816.00567831006
159131,2004 WF2,000000IZWzZ2,21.707,0.0256,Lg,149.4299789,3.7788345,2025-05-21 00:09:11.843000+00:00,60816.006387071684
159131,2004 WF2,000000IZWzZ2,21.664,0.0271,Lg,149.4301972,3.7788129,2025-05-21 00:10:53.968000+00:00,60816.007569074165
159131,2004 WF2,000000IZWzZ2,21.663,0.03,Lg,149.4302803,3.778805,2025-05-21 00:11:35.217000+00:00,60816.008046492934
159131,2004 WF2,000000IZWzZ2,21.639,0.0334,Lg,149.4303735,3.7787895,2025-05-21 00:12:26.275000+00:00,60816.00863744225
159131,2004 WF2,000000IZWzZ2,21.718,0.0305,Lg,149.4305654,3.7787688,2025-05-21 00:13:58.390000+00:00,60816.00970358774
159131,2004 WF2,000000IZWzZ2,21.78,0.0311,Lg,149.4306671,3.7787474,2025-05-21 00:14:49.442000+00:00,60816.01029446768
159131,2004 WF2,000000IZWzZ2,21.717,0.0261,Lg,149.4308477,3.7787251,2025-05-21 00:16:16.404000+00:00,60816.0113009722
159131,2004 WF2,000000IZWzZ2,21.687,0.031,Lg,149.4310487,3.778714,2025-05-21 00:17:47.841000+00:00,60816.012359270826
159131,2004 WF2,000000IZWzZ2,21.716,0.029,Lg,149.4312288,3.7787011,2025-05-21 00:19:19.777000+00:00,60816.01342334505
159131,2004 WF2,000000IZWzZ2,21.771,0.0315,Lg,149.4313597,3.7786881,2025-05-21 00:20:14.133000+00:00,60816.01405246509
159131,2004 WF2,000000IZWzZ2,23.227,0.1947,Lu,149.4320022,3.7785639,2025-05-21 00:25:47.213000+00:00,60816.01790755801
159131,2004 WF2,000000IZWzZ2,23.189,0.1883,Lu,149.4332744,3.7784811,2025-05-21 00:36:26.520000+00:00,60816.02530694427
159131,2004 WF2,000000IZWzZ2,23.158,0.1909,Lu,149.437396,3.7781335,2025-05-21 01:08:09.565000+00:00,60816.04733292805
159131,2004 WF2,000000IZWzZ2,23.145,0.1754,Lu,149.4375592,3.7780129,2025-05-21 01:09:49.257000+00:00,60816.04848677106
159131,2004 WF2,000000IZWzZ2,23.201,0.2025,Lu,149.4377009,3.7779973,2025-05-21 01:11:32.373000+00:00,60816.049680243246
159131,2004 WF2,000000IZWzZ2,23.114,0.2029,Lu,149.4378433,3.7779718,2025-05-21 01:12:23.209000+00:00,60816.05026862258
159131,2004 WF2,000000IZWzZ2,21.114,0.0262,Lr,149.440168,3.7777864,2025-05-21 01:30:43.647000+00:00,60816.06300517358
159131,2004 WF2,000000IZWzZ2,21.048,0.0385,Lr,149.4411229,3.7776326,2025-05-21 01:38:40.774000+00:00,60816.06852747686
159131,2004 WF2,000000IZWzZ2,21.031,0.0275,Lr,149.4413037,3.7776201,2025-05-21 01:40:09.105000+00:00,60816.06954982644
159131,2004 WF2,000000IZWzZ2,21.026,0.0345,Lr,149.4413987,3.7776108,2025-05-21 01:40:53.270000+00:00,60816.07006099541
159131,2004 WF2,000000IZWzZ2,21.06,0.0323,Lr,149.4414805,3.777591,2025-05-21 01:41:34.336000+00:00,60816.07053629635
159131,2004 WF2,000000IZWzZ2,21.065,0.0409,Lr,149.4416796,3.7775744,2025-05-21 01:43:02.297000+00:00,60816.07155436324
159131,2004 WF2,000000IZWzZ2,21.172,0.0546,Lr,149.4417741,3.7775457,2025-05-21 01:43:46.372000+00:00,60816.07206449052
159131,2004 WF2,000000IZWzZ2,21.137,0.0519,Lr,149.4418425,3.7775552,2025-05-21 01:44:27.512000+00:00,60816.07254064828
159131,2004 WF2,000000IZWzZ2,20.93,0.1663,Lr,149.4421971,3.7775366,2025-05-21 01:47:27.928000+00:00,60816.07462879643
159131,2004 WF2,000000IZWzZ2,20.947,0.0813,Lr,149.4423475,3.7774972,2025-05-21 01:48:21.728000+00:00,60816.075251481496
159131,2004 WF2,000000IZWzZ2,21.055,0.0369,Lr,149.4425071,3.7774898,2025-05-21 01:49:46.790000+00:00,60816.07623599516
159131,2004 WF2,000000IZWzZ2,21.041,0.0466,Lr,149.4426829,3.7774698,2025-05-21 01:51:11.767000+00:00,60816.07721952535
159131,2004 WF2,000000IZWzZ2,21.013,0.0293,Lr,149.4427732,3.7774619,2025-05-21 01:51:55.736000+00:00,60816.077728426084
159131,2004 WF2,000000IZWzZ2,21.238,0.1321,Lr,149.4432238,3.7774195,2025-05-21 01:55:35.542000+00:00,60816.080272476654
159131,2004 WF2,000000IZWzZ2,21.045,0.0477,Lr,149.4435867,3.777372,2025-05-21 01:58:28.595000+00:00,60816.08227540506
159131,2004 WF2,000000IZWzZ2,21.026,0.1071,Lr,149.4437456,3.7773369,2025-05-21 01:59:52.559000+00:00,60816.08324721083
159131,2004 WF2,000000IZWzZ2,21.216,0.1932,Lr,149.4440897,3.7773379,2025-05-21 02:02:50.425000+00:00,60816.0853058449
159131,2004 WF2,000000IZWzZ3,22.918,0.1689,Lu,149.9941889,3.713774,2025-05-23 23:42:50.864000+00:00,60818.988088703714
159131,2004 WF2,000000IZWzZ3,22.98,0.1755,Lu,149.9943072,3.713809,2025-05-23 23:43:44.059000+00:00,60818.98870438663
159131,2004 WF2,000000IZWzZ3,22.905,0.166,Lu,149.994631,3.7137592,2025-05-23 23:45:30.847000+00:00,60818.98994035879
159131,2004 WF2,000000IZWzZ3,23.105,0.1975,Lu,149.994724,3.7137116,2025-05-23 23:47:17.152000+00:00,60818.991170740686
159131,2004 WF2,000000IZWzZ3,23.083,0.1707,Lu,149.9948365,3.7137616,2025-05-23 23:48:10.461000+00:00,60818.99178774282
159131,2004 WF2,000000IZWzZ3,23.155,0.1956,Lu,149.9950524,3.7136262,2025-05-23 23:49:03.746000+00:00,60818.992404467426
159131,2004 WF2,000000IZWzZ3,23.25,0.1987,Lu,149.9955236,3.7137062,2025-05-23 23:51:43.066000+00:00,60818.99424844887
159131,2004 WF2,000000IZWzZ3,22.993,0.1819,Lu,149.995499,3.71362,2025-05-23 23:52:36.056000+00:00,60818.994861759245
159131,2004 WF2,000000IZWzZ3,23.019,0.1789,Lu,149.9955804,3.7137027,2025-05-23 23:53:29.261000+00:00,60818.99547755765
159131,2004 WF2,000000IZWzZ3,23.24,0.2122,Lu,149.9958041,3.713486,2025-05-23 23:54:22.364000+00:00,60818.996092176065
159131,2004 WF2,000000IZWzZ3,23.2,0.2044,Lu,149.9960688,3.713623,2025-05-23 23:56:08.316000+00:00,60818.99731847225
159131,2004 WF2,000000IZWzZ3,22.953,0.1788,Lu,149.9974833,3.7134284,2025-05-24 00:07:29.436000+00:00,60819.00520180538
159131,2004 WF2,000000IZWzZ3,23.134,0.1619,Lu,149.9987478,3.7131983,2025-05-24 00:16:50.575000+00:00,60819.01169646997
159131,2004 WF2,000000IZWzZ3,23.213,0.211,Lu,149.9989453,3.7131758,2025-05-24 00:18:02.883000+00:00,60819.01253336808
159131,2004 WF2,000000IZWzZ3,23.115,0.1833,Lu,149.9989704,3.7131691,2025-05-24 00:18:56.010000+00:00,60819.01314826403
159131,2004 WF2,000000IZWzZ3,23.226,0.1715,Lu,149.9990497,3.7132343,2025-05-24 00:19:49.397000+00:00,60819.01376616908
159131,2004 WF2,000000IZWzZ3,23.203,0.1608,Lu,149.9992797,3.7131353,2025-05-24 00:21:36.342000+00:00,60819.01500395825
159131,2004 WF2,000000IZWzZ3,23.51,0.1903,Lu,149.9994688,3.7131315,2025-05-24 00:22:29.535000+00:00,60819.01561961789
159131,2004 WF2,000000IZWzZ3,23.377,0.2052,Lu,149.9995486,3.7130813,2025-05-24 00:23:22.648000+00:00,60819.01623435179
159131,2004 WF2,000000IZWzZ3,23.345,0.1742,Lu,149.9997848,3.7130387,2025-05-24 00:25:08.947000+00:00,60819.0174646643
159131,2004 WF2,000000IZWzZ3,23.566,0.2097,Lu,150.0000681,3.7130953,2025-05-24 00:26:55.475000+00:00,60819.018697627354
159131,2004 WF2,000000IZWzZ3,23.491,0.2075,Lu,150.0004868,3.7129724,2025-05-24 00:30:28.259000+00:00,60819.02116040513
159131,2004 WF2,000000IZWzZ3,23.526,0.2115,Lu,150.0006228,3.7130131,2025-05-24 00:31:21.370000+00:00,60819.02177511575
159131,2004 WF2,000000IZWzZ3,23.537,0.095,Lg,150.0021747,3.7127683,2025-05-24 00:41:18.062000+00:00,60819.02868127311
159131,2004 WF2,000000IZWzZ3,23.405,0.0826,Lg,150.0022556,3.7127663,2025-05-24 00:42:03.159000+00:00,60819.02920322912
159131,2004 WF2,000000IZWzZ3,24.179,0.157,Lg,150.0024089,3.7127471,2025-05-24 00:42:48.544000+00:00,60819.02972851833
159131,2004 WF2,000000IZWzZ3,23.431,0.0783,Lg,150.0024656,3.7127249,2025-05-24 00:43:33.849000+00:00,60819.030252881814
159131,2004 WF2,000000IZWzZ3,23.456,0.0825,Lg,150.002584,3.7127115,2025-05-24 00:44:19.151000+00:00,60819.030777210835
159131,2004 WF2,000000IZWzZ3,23.162,0.0675,Lg,150.0022418,3.7127687,2025-05-24 00:45:04.239000+00:00,60819.03129906254
159131,2004 WF2,000000IZWzZ3,23.333,0.08,Lg,150.0023295,3.7127587,2025-05-24 00:45:49.587000+00:00,60819.03182392381
159131,2004 WF2,000000IZWzZ3,24.613,0.2342,Lg,150.0023763,3.7127403,2025-05-24 00:46:34.969000+00:00,60819.0323491781
159131,2004 WF2,000000IZWzZ3,21.766,0.0265,Lg,150.0038427,3.7125481,2025-05-24 00:55:38.098000+00:00,60819.038635393605
159131,2004 WF2,000000IZWzZ3,21.75,0.0251,Lg,150.0039363,3.7125376,2025-05-24 00:56:23.400000+00:00,60819.03915972216
159131,2004 WF2,000000IZWzZ3,21.78,0.0249,Lg,150.0040473,3.7125233,2025-05-24 00:57:08.616000+00:00,60819.0396830556
159131,2004 WF2,000000IZWzZ3,21.833,0.0256,Lg,150.0041469,3.7125088,2025-05-24 00:57:54.272000+00:00,60819.04021148151
159131,2004 WF2,000000IZWzZ3,21.798,0.0238,Lg,150.0043468,3.7124877,2025-05-24 00:59:24.965000+00:00,60819.04126116913
159131,2004 WF2,000000IZWzZ3,21.76,0.0235,Lg,150.0044489,3.7124717,2025-05-24 01:00:10.343000+00:00,60819.04178637732
159131,2004 WF2,000000IZWzZ3,21.771,0.0247,Lg,150.0045421,3.7124526,2025-05-24 01:00:55.666000+00:00,60819.04231094895
159131,2004 WF2,000000IZWzZ3,21.759,0.0234,Lg,150.0046952,3.7124418,2025-05-24 01:02:01.624000+00:00,60819.043074351735
159131,2004 WF2,000000IZWzZ3,21.137,0.0184,Lr,150.005332,3.7123523,2025-05-24 01:06:51.951000+00:00,60819.04643461807
159131,2004 WF2,000000IZWzZ3,21.176,0.0193,Lr,150.0055327,3.7123333,2025-05-24 01:08:22.324000+00:00,60819.04748060182
159131,2004 WF2,000000IZWzZ3,22.85,0.0757,Lr,150.0062021,3.7122419,2025-05-24 01:11:23.583000+00:00,60819.049578506965
159131,2004 WF2,000000IZWzZ3,22.7,0.0609,Lr,150.0062475,3.7122433,2025-05-24 01:12:09.154000+00:00,60819.05010594893
159131,2004 WF2,000000IZWzZ3,21.204,0.0209,Lr,150.0061324,3.7122562,2025-05-24 01:12:54.554000+00:00,60819.05063141184
159131,2004 WF2,000000IZWzZ3,21.274,0.0215,Lr,150.0062333,3.7122402,2025-05-24 01:13:39.837000+00:00,60819.0511555206
159131,2004 WF2,000000IZWzZ3,21.31,0.0231,Lr,150.0063362,3.7122238,2025-05-24 01:14:25.126000+00:00,60819.051679699216
159131,2004 WF2,000000IZWzZ3,21.286,0.022,Lr,150.0064452,3.7122091,2025-05-24 01:15:10.426000+00:00,60819.05220400449
159131,2004 WF2,000000IZWzZ3,21.251,0.0214,Lr,150.0065437,3.7121999,2025-05-24 01:15:55.757000+00:00,60819.05272866879
159131,2004 WF2,000000IZWzZ3,22.671,0.0618,Lr,150.0065206,3.7122065,2025-05-24 01:17:26.428000+00:00,60819.05377810169
159131,2004 WF2,000000IZWzZ3,22.662,0.0605,Lr,150.0066034,3.7122052,2025-05-24 01:18:11.659000+00:00,60819.05430160882
159131,2004 WF2,000000IZWzZ3,21.145,0.0204,Lr,150.0073448,3.7120968,2025-05-24 01:21:57.639000+00:00,60819.05691711791
159131,2004 WF2,000000IZWzZ3,20.951,0.0233,Li,150.0079087,3.7120236,2025-05-24 01:26:15.976000+00:00,60819.0599071295
159131,2004 WF2,000000IZWzZ3,20.972,0.0228,Li,150.0080165,3.7120096,2025-05-24 01:27:01.178000+00:00,60819.06043030089
159131,2004 WF2,000000IZWzZ3,20.946,0.0221,Li,150.0081205,3.7119928,2025-05-24 01:27:46.641000+00:00,60819.06095649302
159131,2004 WF2,000000IZWzZ3,20.955,0.0228,Li,150.0082182,3.7119815,2025-05-24 01:28:31.923000+00:00,60819.06148059014
159131,2004 WF2,000000IZWzZ3,20.939,0.0219,Li,150.0083176,3.7119671,2025-05-24 01:29:17.234000+00:00,60819.062005023006
159131,2004 WF2,000000IZWzZ3,20.95,0.0215,Li,150.0084186,3.7119493,2025-05-24 01:30:02.811000+00:00,60819.06253253482
159131,2004 WF2,000000IZWzZ3,20.969,0.0225,Li,150.0085169,3.7119387,2025-05-24 01:30:48.409000+00:00,60819.06306028925
159131,2004 WF2,000000IZWzZ3,20.932,0.0222,Li,150.0086191,3.7119304,2025-05-24 01:31:33.981000+00:00,60819.06358774286
159131,2004 WF2,000000IZWzZ3,20.934,0.0215,Li,150.0087183,3.7119147,2025-05-24 01:32:19.553000+00:00,60819.06411519693
159131,2004 WF2,000000IZWzZ3,20.925,0.021,Li,150.0088242,3.7119003,2025-05-24 01:33:04.925000+00:00,60819.06464033574
159131,2004 WF2,000000IZWzZ3,20.913,0.022,Li,150.0089233,3.7118839,2025-05-24 01:33:50.420000+00:00,60819.06516689807
159131,2004 WF2,000000IZWzZ3,20.92,0.021,Li,150.0090299,3.7118778,2025-05-24 01:34:35.717000+00:00,60819.065691168886
159131,2004 WF2,000000IZWzZ3,20.949,0.0203,Li,150.0092236,3.7118452,2025-05-24 01:36:06.140000+00:00,60819.06673773145
159131,2004 WF2,000000IZWzZ3,20.925,0.0207,Li,150.0093257,3.7118351,2025-05-24 01:36:51.342000+00:00,60819.06726090284
159131,2004 WF2,000000IZWzZ3,20.911,0.0212,Li,150.0094266,3.7118195,2025-05-24 01:37:36.549000+00:00,60819.06778413197
159131,2004 WF2,000000IZWzZ4,20.831,0.0216,Li,150.1894526,3.6884368,2025-05-24 23:30:57.576000+00:00,60819.97983305575
159131,2004 WF2,000000IZWzZ4,20.819,0.0206,Li,150.1895503,3.6884272,2025-05-24 23:31:42.675000+00:00,60819.98035503458
159131,2004 WF2,000000IZWzZ4,20.851,0.0195,Li,150.1896482,3.6884143,2025-05-24 23:32:27.875000+00:00,60819.98087818269
159131,2004 WF2,000000IZWzZ4,20.931,0.021,Li,150.1897383,3.6883879,2025-05-24 23:33:13.082000+00:00,60819.98140141182
159131,2004 WF2,000000IZWzZ4,20.82,0.0189,Li,150.1898535,3.6883892,2025-05-24 23:33:58.307000+00:00,60819.98192484956
159131,2004 WF2,000000IZWzZ4,20.772,0.0179,Li,150.1899525,3.6883688,2025-05-24 23:34:43.503000+00:00,60819.98244795157
159131,2004 WF2,000000IZWzZ4,20.796,0.019,Li,150.1900571,3.6883559,2025-05-24 23:35:28.921000+00:00,60819.982973622624
159131,2004 WF2,000000IZWzZ4,20.795,0.02,Li,150.1901553,3.6883441,2025-05-24 23:36:13.938000+00:00,60819.9834946529
159131,2004 WF2,000000IZWzZ4,20.769,0.0187,Li,150.1910665,3.6882164,2025-05-24 23:42:57.101000+00:00,60819.98816089099
159131,2004 WF2,000000IZWzZ4,20.807,0.0185,Li,150.1911693,3.688206,2025-05-24 23:43:42.395000+00:00,60819.98868512735
159131,2004 WF2,000000IZWzZ4,20.778,0.0203,Li,150.1913669,3.6881782,2025-05-24 23:45:12.995000+00:00,60819.98973373836
159131,2004 WF2,000000IZWzZ4,20.806,0.021,Li,150.1914717,3.6881633,2025-05-24 23:45:58.219000+00:00,60819.99025716446
159131,2004 WF2,000000IZWzZ4,20.784,0.0213,Li,150.1916718,3.6881352,2025-05-24 23:47:28.478000+00:00,60819.99130182853
159131,2004 WF2,000000IZWzZ4,20.753,0.0206,Li,150.1917751,3.6881202,2025-05-24 23:48:13.863000+00:00,60819.99182711821
159131,2004 WF2,000000IZWzZ4,20.781,0.0206,Li,150.1918775,3.6881074,2025-05-24 23:48:59.153000+00:00,60819.992351308
159131,2004 WF2,000000IZWzZ4,20.767,0.0192,Li,150.191976,3.6880916,2025-05-24 23:49:43.966000+00:00,60819.99286997691
159131,2004 WF2,000000IZWzZ4,20.797,0.0202,Li,150.1922798,3.6880516,2025-05-24 23:51:59.054000+00:00,60819.994433495216
159131,2004 WF2,000000IZWzZ4,20.774,0.0212,Li,150.192385,3.6880366,2025-05-24 23:52:44.145000+00:00,60819.994955381844
159131,2004 WF2,000000IZWzZ4,20.733,0.0222,Li,150.1925854,3.688012,2025-05-24 23:54:14.383000+00:00,60819.9959998033
159131,2004 WF2,000000IZWzZ4,20.76,0.0212,Li,150.1926866,3.6879959,2025-05-24 23:54:59.207000+00:00,60819.996518599335
159131,2004 WF2,000000IZWzZ4,20.777,0.0201,Li,150.1927908,3.687981,2025-05-24 23:55:44.399000+00:00,60819.99704165524
159131,2004 WF2,000000IZWzZ4,20.791,0.0203,Li,150.1928854,3.6879705,2025-05-24 23:56:29.207000+00:00,60819.997560266405
159131,2004 WF2,000000IZWzZ4,20.848,0.0429,Lz,150.1936004,3.6878682,2025-05-25 00:01:58.372000+00:00,60820.00137004629
159131,2004 WF2,000000IZWzZ4,20.759,0.0386,Lz,150.1937366,3.6878509,2025-05-25 00:02:43.672000+00:00,60820.001894352026
159131,2004 WF2,000000IZWzZ4,20.817,0.0387,Lz,150.1938242,3.6878373,2025-05-25 00:03:28.895000+00:00,60820.00241776602
159131,2004 WF2,000000IZWzZ4,20.828,0.0382,Lz,150.1939353,3.6878342,2025-05-25 00:04:13.806000+00:00,60820.00293756928
159131,2004 WF2,000000IZWzZ4,20.841,0.0353,Lz,150.1940335,3.687808,2025-05-25 00:04:59.003000+00:00,60820.00346068293
159131,2004 WF2,000000IZWzZ4,20.76,0.0371,Lz,150.1941232,3.687796,2025-05-25 00:05:44.251000+00:00,60820.00398438657
159131,2004 WF2,000000IZWzZ4,20.722,0.0338,Lz,150.1942427,3.6877885,2025-05-25 00:06:29.337000+00:00,60820.00450621545
159131,2004 WF2,000000IZWzZ4,20.793,0.0377,Lz,150.194338,3.6877708,2025-05-25 00:07:14.448000+00:00,60820.005028333515
159131,2004 WF2,000000IZWzZ4,20.741,0.0369,Lz,150.1944296,3.6877671,2025-05-25 00:07:59.571000+00:00,60820.005550590344
159131,2004 WF2,000000IZWzZ4,20.816,0.0385,Lz,150.1945428,3.6877448,2025-05-25 00:08:44.781000+00:00,60820.00607385393
159131,2004 WF2,000000IZWzZ4,21.982,0.1103,Lz,150.1950545,3.6875954,2025-05-25 00:11:00.085000+00:00,60820.00763987284
159131,2004 WF2,000000IZWzZ4,22.73,0.1651,Lz,150.1962742,3.6874856,2025-05-25 00:20:01.751000+00:00,60820.01390915504
159131,2004 WF2,000000IZWzZ4,22.614,0.1397,Lz,150.1960563,3.6873399,2025-05-25 00:20:46.986000+00:00,60820.01443270827
159131,2004 WF2,000000IZWzZ4,22.631,0.1673,Lz,150.1965977,3.6874393,2025-05-25 00:25:39.112000+00:00,60820.01781379618
159131,2004 WF2,000000IZWzZ4,20.926,0.0181,Lr,150.197808,3.6872908,2025-05-25 00:32:55.133000+00:00,60820.02286033565
159131,2004 WF2,000000IZWzZ4,20.995,0.0193,Lr,150.1979085,3.6872801,2025-05-25 00:33:40.437000+00:00,60820.02338468749
159131,2004 WF2,000000IZWzZ4,20.959,0.0188,Lr,150.1980074,3.6872648,2025-05-25 00:34:25.336000+00:00,60820.02390435198
159131,2004 WF2,000000IZWzZ4,20.929,0.0191,Lr,150.1981097,3.6872481,2025-05-25 00:35:10.534000+00:00,60820.024427476805
159131,2004 WF2,000000IZWzZ4,20.975,0.0209,Lr,150.1982078,3.6872405,2025-05-25 00:35:55.457000+00:00,60820.02494741883
159131,2004 WF2,000000IZWzZ4,20.979,0.0215,Lr,150.1983112,3.6872322,2025-05-25 00:36:40.832000+00:00,60820.02547259256
159131,2004 WF2,000000IZWzZ4,20.96,0.021,Lr,150.1984133,3.6872081,2025-05-25 00:37:25.934000+00:00,60820.025994606316
159131,2004 WF2,000000IZWzZ4,20.926,0.0203,Lr,150.1985145,3.6871888,2025-05-25 00:38:11.115000+00:00,60820.02651753463
159131,2004 WF2,000000IZWzZ4,20.969,0.0202,Lr,150.1987203,3.6871705,2025-05-25 00:39:41.508000+00:00,60820.02756374981
159131,2004 WF2,000000IZWzZ4,20.942,0.0205,Lr,150.1989318,3.6871407,2025-05-25 00:41:11.942000+00:00,60820.02861043997
159131,2004 WF2,000000IZWzZ4,20.971,0.0211,Lr,150.199128,3.6871081,2025-05-25 00:42:42.631000+00:00,60820.029660081025
159131,2004 WF2,000000IZWzZ4,21.001,0.0214,Lr,150.1992301,3.6870989,2025-05-25 00:43:28.030000+00:00,60820.03018553229
159131,2004 WF2,000000IZWzZ4,20.973,0.0182,Lr,150.1993342,3.687083,2025-05-25 00:44:13.049000+00:00,60820.03070658585
159131,2004 WF2,000000IZWzZ5,21.769,0.025,Lg,150.3881053,3.6612607,2025-05-25 23:17:07.138000+00:00,60820.97022150457
159131,2004 WF2,000000IZWzZ5,21.778,0.0264,Lg,150.3882067,3.6612371,2025-05-25 23:17:52.235000+00:00,60820.97074346058
159131,2004 WF2,000000IZWzZ5,21.796,0.0266,Lg,150.3883185,3.6612344,2025-05-25 23:18:37.524000+00:00,60820.97126763873
159131,2004 WF2,000000IZWzZ5,21.78,0.0253,Lg,150.3884269,3.6612141,2025-05-25 23:19:22.811000+00:00,60820.97179179406
159131,2004 WF2,000000IZWzZ5,21.789,0.0261,Lg,150.3885263,3.6611943,2025-05-25 23:20:08.013000+00:00,60820.972314965446
159131,2004 WF2,000000IZWzZ5,21.771,0.0259,Lg,150.3887327,3.6611665,2025-05-25 23:21:38.099000+00:00,60820.97335762717
159131,2004 WF2,000000IZWzZ5,21.788,0.0256,Lg,150.3888319,3.6611553,2025-05-25 23:22:23.193000+00:00,60820.97387954872
159131,2004 WF2,000000IZWzZ5,21.81,0.0287,Lg,150.388948,3.661146,2025-05-25 23:23:08.093000+00:00,60820.97439922439
159131,2004 WF2,000000IZWzZ5,21.809,0.0247,Lg,150.3890315,3.6611254,2025-05-25 23:23:53.304000+00:00,60820.974922500085
159131,2004 WF2,000000IZWzZ5,21.769,0.0241,Lg,150.3891336,3.6611053,2025-05-25 23:24:38.218000+00:00,60820.9754423378
159131,2004 WF2,000000IZWzZ5,21.881,0.0247,Lg,150.3892516,3.6610939,2025-05-25 23:25:23.898000+00:00,60820.97597104171
159131,2004 WF2,000000IZWzZ5,21.77,0.0238,Lg,150.3893507,3.6610824,2025-05-25 23:26:08.977000+00:00,60820.976492789574
159131,2004 WF2,000000IZWzZ5,21.771,0.0226,Lg,150.3894497,3.6610576,2025-05-25 23:26:54.379000+00:00,60820.9770182753
159131,2004 WF2,000000IZWzZ5,21.834,0.0239,Lg,150.3895594,3.6610415,2025-05-25 23:27:39.477000+00:00,60820.97754024295
159131,2004 WF2,000000IZWzZ5,21.812,0.0246,Lg,150.389652,3.661043,2025-05-25 23:28:24.181000+00:00,60820.97805765038
159131,2004 WF2,000000IZWzZ5,21.808,0.0232,Lg,150.3897595,3.6610204,2025-05-25 23:29:09.378000+00:00,60820.97858076403
159131,2004 WF2,000000IZWzZ5,21.775,0.0248,Lg,150.3898579,3.6610085,2025-05-25 23:29:54.197000+00:00,60820.97909950232
159131,2004 WF2,000000IZWzZ5,21.781,0.0263,Lg,150.389972,3.6609926,2025-05-25 23:30:39.781000+00:00,60820.9796270947
159131,2004 WF2,000000IZWzZ5,22.906,0.1491,Lu,150.3905912,3.6609186,2025-05-25 23:35:21.132000+00:00,60820.982883471996
159131,2004 WF2,000000IZWzZ5,23.182,0.1955,Lu,150.3907581,3.6609688,2025-05-25 23:36:14.504000+00:00,60820.983501203824
159131,2004 WF2,000000IZWzZ5,22.93,0.1544,Lu,150.3908371,3.6608845,2025-05-25 23:37:07.778000+00:00,60820.984117800836
159131,2004 WF2,000000IZWzZ5,23.195,0.1878,Lu,150.3908784,3.6608742,2025-05-25 23:38:00.866000+00:00,60820.98473224556
159131,2004 WF2,000000IZWzZ5,23.248,0.1895,Lu,150.3912013,3.6608065,2025-05-25 23:39:47.364000+00:00,60820.98596486123
159131,2004 WF2,000000IZWzZ5,23.187,0.1713,Lu,150.391486,3.6607715,2025-05-25 23:40:40.666000+00:00,60820.986581782345
159131,2004 WF2,000000IZWzZ5,23.391,0.2032,Lu,150.391471,3.6607759,2025-05-25 23:41:33.854000+00:00,60820.98719738424
159131,2004 WF2,000000IZWzZ5,23.08,0.1596,Lu,150.3915643,3.6607533,2025-05-25 23:42:26.954000+00:00,60820.98781196773
159131,2004 WF2,000000IZWzZ5,23.048,0.1601,Lu,150.3916325,3.6607067,2025-05-25 23:43:19.864000+00:00,60820.988424351905
159131,2004 WF2,000000IZWzZ5,23.144,0.1585,Lu,150.3919662,3.6607413,2025-05-25 23:45:05.982000+00:00,60820.989652569406
159131,2004 WF2,000000IZWzZ5,23.143,0.2105,Lu,150.3923871,3.6606523,2025-05-25 23:48:38.496000+00:00,60820.99211222213
159131,2004 WF2,000000IZWzZ5,21.166,0.0353,Lr,150.393327,3.6605072,2025-05-25 23:55:12.371000+00:00,60820.99667096045
159131,2004 WF2,000000IZWzZ5,21.125,0.0551,Lr,150.3934502,3.6604998,2025-05-25 23:55:57.482000+00:00,60820.99719307851
159131,2004 WF2,000000IZWzZ5,21.171,0.0412,Lr,150.39354,3.6604729,2025-05-25 23:56:42.577000+00:00,60820.997715011705
159131,2004 WF2,000000IZWzZ5,21.195,0.0269,Lr,150.3936486,3.6604468,2025-05-25 23:57:27.781000+00:00,60820.99823820591
159131,2004 WF2,000000IZWzZ5,21.185,0.0279,Lr,150.3937565,3.6604456,2025-05-25 23:58:13.182000+00:00,60820.99876368046
159131,2004 WF2,000000IZWzZ5,21.175,0.0284,Lr,150.3939619,3.6604189,2025-05-25 23:59:43.651000+00:00,60820.999810775276
159131,2004 WF2,000000IZWzZ5,21.14,0.0404,Lr,150.3941831,3.6603922,2025-05-26 00:01:14.417000+00:00,60821.00086130807
159131,2004 WF2,000000IZWzZ5,21.178,0.0251,Lr,150.394269,3.6603693,2025-05-26 00:01:59.427000+00:00,60821.00138225686
159131,2004 WF2,000000IZWzZ5,21.145,0.0231,Lr,150.3943696,3.6603527,2025-05-26 00:02:44.723000+00:00,60821.00190651603
159131,2004 WF2,000000IZWzZ5,21.204,0.0248,Lr,150.3944734,3.6603469,2025-05-26 00:03:29.814000+00:00,60821.00242840266
159131,2004 WF2,000000IZWzZ5,21.216,0.0239,Lr,150.3945771,3.6603224,2025-05-26 00:04:14.612000+00:00,60821.00294689834
159131,2004 WF2,000000IZWzZ5,21.173,0.0226,Lr,150.3946895,3.6603115,2025-05-26 00:04:59.902000+00:00,60821.00347108813
159131,2004 WF2,000000IZWzZ5,21.227,0.0314,Lr,150.3947711,3.6603011,2025-05-26 00:05:45.097000+00:00,60821.00399417803
159131,2004 WF2,000000IZWzZ5,21.185,0.0241,Lr,150.3948902,3.6602754,2025-05-26 00:06:30.376000+00:00,60821.00451824069
159131,2004 WF2,000000IZWzZ5,21.227,0.0284,Lr,150.3949966,3.6602638,2025-05-26 00:07:15.571000+00:00,60821.00504133105
159131,2004 WF2,000000IZWzZ5,21.09,0.0333,Lr,150.3952037,3.6602334,2025-05-26 00:08:45.557000+00:00,60821.00608283561
159131,2004 WF2,000000IZWzZ5,21.206,0.0317,Lr,150.3953171,3.6602168,2025-05-26 00:09:30.755000+00:00,60821.00660596043
159131,2004 WF2,000000IZWzZ5,21.153,0.0337,Lr,150.3954153,3.6602044,2025-05-26 00:10:15.962000+00:00,60821.007129190024
159131,2004 WF2,000000IZWzZ5,21.172,0.0292,Lr,150.3955084,3.660197,2025-05-26 00:11:00.949000+00:00,60821.00764987245
159131,2004 WF2,000000IZWzZ5,20.983,0.1822,Li,150.3961249,3.6601462,2025-05-26 00:16:11.762000+00:00,60821.011247245595
159131,2004 WF2,000000IZWzZ5,20.777,0.2269,Li,150.3970357,3.6599859,2025-05-26 00:22:13.184000+00:00,60821.015430370346
159131,2004 WF2,000000IZWzZ5,21.0,0.0678,Li,150.3971797,3.6599622,2025-05-26 00:22:58.570000+00:00,60821.0159556712
159131,2004 WF2,000000IZWzZ5,20.957,0.1925,Li,150.3976936,3.6598122,2025-05-26 00:25:59.145000+00:00,60821.01804565964
159131,2004 WF2,000000IZWzZ5,20.922,0.0642,Li,150.3987196,3.6597392,2025-05-26 00:34:05.581000+00:00,60821.02367570624
159131,2004 WF2,000000IZWzZ5,21.032,0.0651,Li,150.3987769,3.6597164,2025-05-26 00:34:50.948000+00:00,60821.02420078684
159131,2004 WF2,000000IZWzZ5,20.947,0.0803,Li,150.3991221,3.6596854,2025-05-26 00:37:06.562000+00:00,60821.025770393666
159131,2004 WF2,000000IZWzZ5,20.786,0.0918,Li,150.3991483,3.6596605,2025-05-26 00:37:51.680000+00:00,60821.02629259275
159131,2004 WF2,000000IZWzZ5,20.877,0.1386,Li,150.3993493,3.6596518,2025-05-26 00:38:37.072000+00:00,60821.02681796299
159131,2004 WF2,000000IZWzZ5,20.945,0.21,Li,150.3994565,3.6596637,2025-05-26 00:39:22.354000+00:00,60821.027342060115
159131,2004 WF2,000000IZWzZ5,20.76,0.1674,Li,150.3995677,3.6595933,2025-05-26 00:40:53.112000+00:00,60821.02839249978
159131,2004 WF2,000000IZWzZ5,20.686,0.1844,Li,150.3997743,3.6595831,2025-05-26 00:41:58.699000+00:00,60821.0291516087
159131,2004 WF2,000000IZWzZ5,20.726,0.147,Li,150.3998633,3.6596259,2025-05-26 00:42:43.800000+00:00,60821.02967361128
159131,2004 WF2,000000IZWzZ5,20.841,0.0655,Li,150.3999914,3.6595544,2025-05-26 00:43:29.194000+00:00,60821.0301990048
159131,2004 WF2,000000IZWzZ5,20.692,0.1117,Li,150.4000902,3.6595227,2025-05-26 00:44:14.568000+00:00,60821.03072416689
159131,2004 WF2,000000IZWzZ5,20.95,0.0819,Li,150.4002089,3.6595166,2025-05-26 00:44:59.949000+00:00,60821.03124940954
159131,2004 WF2,000000IZWzZ5,20.654,0.1036,Li,150.4003156,3.6594915,2025-05-26 00:45:44.868000+00:00,60821.03176930547
159131,2004 WF2,000000IZWzZ5,20.753,0.0528,Li,150.400405,3.659488,2025-05-26 00:46:30.241000+00:00,60821.032294455916
159131,2004 WF2,000000IZWzZ6,20.933,0.0284,Li,151.0117696,3.5677113,2025-05-28 23:18:16.203000+00:00,60823.97102086805
159131,2004 WF2,000000IZWzZ6,21.025,0.032,Li,151.0118939,3.5676699,2025-05-28 23:19:01.491000+00:00,60823.971545034554
159131,2004 WF2,000000IZWzZ6,20.988,0.0281,Li,151.0120011,3.5676602,2025-05-28 23:19:46.809000+00:00,60823.97206954844
159131,2004 WF2,000000IZWzZ6,20.881,0.0276,Li,151.0121039,3.567646,2025-05-28 23:20:32.291000+00:00,60823.97259596083
159131,2004 WF2,000000IZWzZ6,20.984,0.0292,Li,151.0122083,3.567634,2025-05-28 23:21:17.670000+00:00,60823.973121180665
159131,2004 WF2,000000IZWzZ6,20.979,0.0287,Li,151.0123277,3.5676146,2025-05-28 23:22:02.765000+00:00,60823.97364311339
159131,2004 WF2,000000IZWzZ6,20.958,0.0284,Li,151.0124315,3.5675966,2025-05-28 23:22:48.061000+00:00,60823.974167372566
159131,2004 WF2,000000IZWzZ6,21.019,0.0298,Li,151.0125406,3.5675908,2025-05-28 23:23:33.162000+00:00,60823.97468937514
159131,2004 WF2,000000IZWzZ6,21.035,0.0308,Li,151.0130901,3.5674842,2025-05-28 23:27:19.223000+00:00,60823.97730582161
159131,2004 WF2,000000IZWzZ6,20.993,0.0315,Li,151.013194,3.567474,2025-05-28 23:28:04.411000+00:00,60823.977828830946
159131,2004 WF2,000000IZWzZ6,21.01,0.0306,Li,151.0133061,3.5674473,2025-05-28 23:28:49.505000+00:00,60823.9783507525
159131,2004 WF2,000000IZWzZ6,21.046,0.03,Li,151.013416,3.5674354,2025-05-28 23:29:34.414000+00:00,60823.978870532475
159131,2004 WF2,000000IZWzZ6,21.019,0.03,Li,151.0135246,3.5674282,2025-05-28 23:30:19.601000+00:00,60823.97939353017
159131,2004 WF2,000000IZWzZ6,21.024,0.0306,Li,151.0136426,3.5674086,2025-05-28 23:31:04.665000+00:00,60823.97991510434
159131,2004 WF2,000000IZWzZ6,21.043,0.0321,Li,151.0137417,3.5673849,2025-05-28 23:31:49.476000+00:00,60823.980433749966
159131,2004 WF2,000000IZWzZ6,20.996,0.0293,Li,151.0138554,3.5673602,2025-05-28 23:32:34.858000+00:00,60823.98095900472
159131,2004 WF2,000000IZWzZ6,20.989,0.0304,Li,151.0139607,3.5673459,2025-05-28 23:33:20.229000+00:00,60823.98148413189
159131,2004 WF2,000000IZWzZ6,20.969,0.0322,Li,151.0140688,3.5673274,2025-05-28 23:34:05.567000+00:00,60823.98200887721
159131,2004 WF2,000000IZWzZ6,20.996,0.0314,Li,151.0141874,3.5673133,2025-05-28 23:34:50.875000+00:00,60823.982533275615
159131,2004 WF2,000000IZWzZ6,21.001,0.0315,Li,151.0142925,3.5673019,2025-05-28 23:35:36.379000+00:00,60823.98305994226
159131,2004 WF2,000000IZWzZ6,20.989,0.0307,Li,151.0144983,3.5672448,2025-05-28 23:37:06.546000+00:00,60823.98410354182
159131,2004 WF2,000000IZWzZ6,20.988,0.0307,Li,151.0146124,3.5672362,2025-05-28 23:37:51.707000+00:00,60823.984626238234
159131,2004 WF2,000000IZWzZ6,21.005,0.0295,Li,151.0148306,3.5672058,2025-05-28 23:39:22.036000+00:00,60823.98567171302
159131,2004 WF2,000000IZWzZ6,21.05,0.0311,Li,151.0150006,3.5671692,2025-05-28 23:40:27.653000+00:00,60823.98643116886
159131,2004 WF2,000000IZWzZ6,21.056,0.0326,Li,151.0151006,3.5671537,2025-05-28 23:41:12.707000+00:00,60823.98695262754
159131,2004 WF2,000000IZWzZ6,21.073,0.0349,Li,151.0152116,3.567134,2025-05-28 23:41:58.504000+00:00,60823.98748268513
159131,2004 WF2,000000IZWzZ6,21.195,0.0685,Lz,151.0178372,3.566728,2025-05-29 00:00:07.970000+00:00,60824.00009224517
159131,2004 WF2,000000IZWzZ6,21.091,0.0627,Lz,151.0179397,3.5666896,2025-05-29 00:00:54.412000+00:00,60824.00062976871
159131,2004 WF2,000000IZWzZ6,21.077,0.0627,Lz,151.0189527,3.5665157,2025-05-29 00:07:40.989000+00:00,60824.00533552095
159131,2004 WF2,000000IZWzZ6,20.912,0.0521,Lz,151.019053,3.566518,2025-05-29 00:08:25.996000+00:00,60824.00585643528
159131,2004 WF2,000000IZWzZ6,21.053,0.0602,Lz,151.019189,3.5664812,2025-05-29 00:09:11.208000+00:00,60824.00637972215
159131,2004 WF2,000000IZWzZ6,21.03,0.0628,Lz,151.019282,3.5664756,2025-05-29 00:10:07.488000+00:00,60824.00703111105
159131,2004 WF2,000000IZWzZ6,21.178,0.0651,Lz,151.019403,3.5664693,2025-05-29 00:10:52.780000+00:00,60824.00755532412
159131,2004 WF2,000000IZWzZ6,21.035,0.0523,Lz,151.0196077,3.5664189,2025-05-29 00:12:23.565000+00:00,60824.00860607624
159131,2004 WF2,000000IZWzZ6,21.086,0.0559,Lz,151.0199723,3.5663845,2025-05-29 00:14:39.092000+00:00,60824.010174675845
159131,2004 WF2,000000IZWzZ6,21.075,0.0564,Lz,151.0200648,3.5663647,2025-05-29 00:15:24.511000+00:00,60824.01070035901
159131,2004 WF2,000000IZWzZ6,21.052,0.0524,Lz,151.0201621,3.5663301,2025-05-29 00:16:09.726000+00:00,60824.01122368034
159131,2004 WF2,000000IZWzZ6,21.049,0.0522,Lz,151.0203411,3.5663103,2025-05-29 00:17:12.810000+00:00,60824.01195381954
159131,2004 WF2,000000IZWzZ6,21.069,0.0508,Lz,151.0204368,3.5662819,2025-05-29 00:17:58.123000+00:00,60824.01247827569
159131,2004 WF2,000000IZWzZ6,21.09,0.0568,Lz,151.0205285,3.5662746,2025-05-29 00:18:43.598000+00:00,60824.01300460659
159131,2004 WF2,000000IZWzZ6,20.972,0.0475,Lz,151.0206282,3.5662567,2025-05-29 00:19:28.931000+00:00,60824.01352929417
159131,2004 WF2,000000IZWzZ6,21.059,0.0557,Lz,151.0207996,3.5662282,2025-05-29 00:20:33.825000+00:00,60824.01428038208
159131,2004 WF2,000000IZWzZ6,21.014,0.0521,Lz,151.0209257,3.5662074,2025-05-29 00:21:19.163000+00:00,60824.0148051274
159131,2004 WF2,000000IZWzZ6,21.177,0.056,Lz,151.0211398,3.5661711,2025-05-29 00:22:49.883000+00:00,60824.01585512748
159131,2004 WF2,000000IZWzZ6,20.954,0.046,Lz,151.0213514,3.5661363,2025-05-29 00:24:20.984000+00:00,60824.016909536906
159131,2004 WF2,000000IZWzZ6,21.059,0.0463,Lz,151.0214605,3.5661232,2025-05-29 00:25:06.464000+00:00,60824.01743592601
159131,2004 WF2,000000IZWzZ6,21.031,0.0476,Lz,151.0215695,3.5660937,2025-05-29 00:25:51.546000+00:00,60824.01795770833
159131,2004 WF2,000000IZWzZ6,20.941,0.0454,Lz,151.0217998,3.5660758,2025-05-29 00:27:21.605000+00:00,60824.01900005806
159131,2004 WF2,000000IZWzZ6,21.031,0.0455,Lz,151.0219185,3.5660452,2025-05-29 00:28:06.620000+00:00,60824.01952106459
159131,2004 WF2,000000IZWzZ6,20.958,0.0534,Lz,151.0221234,3.5660181,2025-05-29 00:29:36.932000+00:00,60824.0205663424
159131,2004 WF2,000000IZWzZ6,20.978,0.0457,Lz,151.0222262,3.5659884,2025-05-29 00:30:22.397000+00:00,60824.021092557814
159131,2004 WF2,000000IZWzZ6,20.979,0.0445,Lz,151.0223369,3.5659763,2025-05-29 00:31:07.529000+00:00,60824.02161491895
159131,2004 WF2,000000IZWzZ6,21.075,0.0254,Lr,151.0242174,3.5656661,2025-05-29 00:44:00.297000+00:00,60824.03055899311
159131,2004 WF2,000000IZWzZ6,21.138,0.0266,Lr,151.0243219,3.5656523,2025-05-29 00:44:45.396000+00:00,60824.0310809724
159131,2004 WF2,000000IZWzZ6,21.131,0.0256,Lr,151.0248735,3.5655646,2025-05-29 00:48:32.535000+00:00,60824.0337098958
159131,2004 WF2,000000IZWzZ6,21.156,0.0267,Lr,151.0249895,3.5655431,2025-05-29 00:49:17.944000+00:00,60824.03423546301
159131,2004 WF2,000000IZWzZ6,21.124,0.0261,Lr,151.0252141,3.5655023,2025-05-29 00:50:48.212000+00:00,60824.03528023139
159131,2004 WF2,000000IZWzZ6,21.079,0.0262,Lr,151.0253227,3.5654916,2025-05-29 00:51:33.601000+00:00,60824.03580556717
159131,2004 WF2,000000IZWzZ6,21.058,0.0322,Lr,151.0254269,3.5654796,2025-05-29 00:52:18.997000+00:00,60824.036330983974
159131,2004 WF2,000000IZWzZ6,21.027,0.0294,Lr,151.025541,3.5654578,2025-05-29 00:53:04.286000+00:00,60824.03685516212
159131,2004 WF2,000000IZWzZ6,21.059,0.027,Lr,151.0256475,3.5654242,2025-05-29 00:53:49.310000+00:00,60824.03737627296
159131,2004 WF2,000000IZWzZ6,21.042,0.0276,Lr,151.0257665,3.5654168,2025-05-29 00:54:34.792000+00:00,60824.03790268535
159131,2004 WF2,000000IZWzZ6,21.092,0.0278,Lr,151.0258624,3.5654098,2025-05-29 00:55:20.270000+00:00,60824.038429050706
159131,2004 WF2,000000IZWzZ6,21.085,0.0275,Lr,151.0259825,3.5653808,2025-05-29 00:56:05.673000+00:00,60824.03895454854
159131,2004 WF2,000000IZWzZ6,21.181,0.0296,Lr,151.0260942,3.5653523,2025-05-29 00:56:51.067000+00:00,60824.03947994206
159131,2004 WF2,000000IZWzZ6,21.067,0.0266,Lr,151.0262025,3.5653469,2025-05-29 00:57:36.510000+00:00,60824.04000590276
159131,2004 WF2,000000IZWzZ6,21.064,0.025,Lr,151.026414,3.5653123,2025-05-29 00:59:08.031000+00:00,60824.04106517369
159131,2004 WF2,000000IZWzZ6,21.096,0.0277,Lr,151.0265322,3.5652758,2025-05-29 00:59:53.597000+00:00,60824.041592557915
159131,2004 WF2,000000IZWzZ6,21.036,0.0269,Lr,151.0266443,3.565268,2025-05-29 01:00:39.080000+00:00,60824.04211898148
159131,2004 WF2,000000IZWzZ6,21.04,0.0248,Lr,151.0267463,3.565263,2025-05-29 01:01:24.272000+00:00,60824.04264203692
159131,2004 WF2,000000IZWzZ6,21.033,0.0262,Lr,151.0268573,3.5652426,2025-05-29 01:02:09.665000+00:00,60824.0431674188
159131,2004 WF2,000000IZWzZ6,21.072,0.0258,Lr,151.0269638,3.5652142,2025-05-29 01:02:55.226000+00:00,60824.04369474528
159131,2004 WF2,000000IZWzZ6,21.031,0.0257,Lr,151.0270775,3.5652005,2025-05-29 01:03:40.646000+00:00,60824.044220439624
159131,2004 WF2,000000IZWzZ6,21.03,0.0277,Lr,151.0271927,3.5651797,2025-05-29 01:04:25.945000+00:00,60824.04474473372
159131,2004 WF2,000000IZWzZ6,21.034,0.0258,Lr,151.0274094,3.565145,2025-05-29 01:05:57.274000+00:00,60824.045801782515
159131,2004 WF2,000000IZWzZ6,21.019,0.0263,Lr,151.0275769,3.5651164,2025-05-29 01:07:03.707000+00:00,60824.0465706829
159131,2004 WF2,000000IZWzZ6,21.009,0.0235,Lr,151.0277956,3.5650891,2025-05-29 01:08:34.226000+00:00,60824.04761835653
159131,2004 WF2,000000IZWzZ7,21.095,0.0243,Lr,151.2388141,3.5307637,2025-05-30 00:40:13.299000+00:00,60825.02793170139
159131,2004 WF2,000000IZWzZ7,21.181,0.0253,Lr,151.2389261,3.5307538,2025-05-30 00:40:58.681000+00:00,60825.02845695615
159131,2004 WF2,000000IZWzZ7,21.145,0.0244,Lr,151.239045,3.5307294,2025-05-30 00:41:44.055000+00:00,60825.02898211824
159131,2004 WF2,000000IZWzZ7,21.219,0.0276,Lr,151.2402657,3.5305246,2025-05-30 00:50:02.520000+00:00,60825.03475138871
159131,2004 WF2,000000IZWzZ7,21.158,0.0276,Lr,151.2403776,3.5305056,2025-05-30 00:50:47.703000+00:00,60825.035274340305
159131,2004 WF2,000000IZWzZ7,21.187,0.0272,Lr,151.2408168,3.5304254,2025-05-30 00:53:48.392000+00:00,60825.037365647964
159131,2004 WF2,000000IZWzZ7,21.133,0.0271,Lr,151.2411026,3.5303779,2025-05-30 00:55:41.433000+00:00,60825.0386739932
159131,2004 WF2,000000IZWzZ7,21.184,0.0258,Lr,151.2413313,3.5303372,2025-05-30 00:57:12.519000+00:00,60825.039728228934
159131,2004 WF2,000000IZWzZ7,21.177,0.0263,Lr,151.2414509,3.5303159,2025-05-30 00:57:57.817000+00:00,60825.04025251139
159131,2004 WF2,000000IZWzZ7,21.211,0.0259,Lr,151.2416707,3.5302805,2025-05-30 00:59:28.379000+00:00,60825.04130068282
159131,2004 WF2,000000IZWzZ7,21.262,0.0271,Lr,151.2418983,3.5302361,2025-05-30 01:00:59.294000+00:00,60825.042352939956
159131,2004 WF2,000000IZWzZ7,21.217,0.0263,Lr,151.2421683,3.5302091,2025-05-30 01:02:51.854000+00:00,60825.043655717745
159131,2004 WF2,000000IZWzZ7,21.188,0.0278,Lr,151.2423452,3.5301725,2025-05-30 01:04:04.910000+00:00,60825.04450127296
159131,2004 WF2,000000IZWzZ7,21.127,0.0279,Lr,151.2425772,3.5301217,2025-05-30 01:05:35.255000+00:00,60825.04554693308
159131,2004 WF2,000000IZWzZ7,21.201,0.0289,Lr,151.2426939,3.5301199,2025-05-30 01:06:20.272000+00:00,60825.04606796289
